
strategic_region={
	id=101
	name="STRATEGICREGION_101"
	provinces={
		1801 2224 3182 3364 4654 5353 6779 6810 6829 6927 6996 7057 7125 7149 10734 10811 10835 11332 11397 11613 11663 11723 11758 12031 12287 12403 12420 12504 12852 12853 12911 12991 13002 13025 13037 13040 13242 13421 13520 13744 13758 13963 13971 14052 14095 14130 14159 14247 14350 14457 14501 14509 14596 14656 14684 14833 14846 15010 15105 15129 15300 15345 15443 15500 15599 15610 15715 15735 15754 16246 16257 16352 16370 16587 16589 16595 16632 16679 16681 16750 16756 16782 16808 16828 16938 17590 17618 17629 17630 17632 17637 17643 17645 17662 17669 17673 17674 17677 17678 17691 17697 17699 17700 17708 17714 17716 17717 17733 17734 17737 17741 17746 17754 17757 17768 17775 
	}
	weather={
	}
}
