
strategic_region={
	id=103
	name="STRATEGICREGION_103"
	provinces={
		721 3236 3473 4121 4814 5775 10361 10374 10375 10398 10439 10833 10982 11183 11284 11792 11802 11856 11905 11910 12286 12434 12556 12558 12635 12660 12685 12719 12868 12914 13108 13111 13123 13133 13144 13165 13166 13216 13601 13614 13752 13800 13857 13873 13898 14105 14124 14197 14246 14337 14615 14738 15202 15310 15346 15565 15677 15763 16009 16091 16198 16231 16267 16331 16416 16481 16633 16694 16807 16910 17011 18070 18115 18135 18141 18166 18180 18209 18212 18254 18262 18286 18288 18294 
	}
	weather={
	}
}
