
strategic_region={
	id=106
	name="STRATEGICREGION_106"
	provinces={
		422 1420 2017 5140 9521 9545 9573 9628 9659 9706 9776 10779 10795 10814 10827 10950 11014 11015 11174 11390 11400 11500 11540 11630 12064 12079 12115 12205 12237 12299 12317 12321 12340 12381 12400 12454 12521 12557 12650 12683 12753 12848 12936 12947 12951 13048 13148 13151 13188 13231 13238 13347 13405 13416 13418 13505 13559 13596 13621 13656 13743 13754 13790 13813 13833 13905 13956 13960 13989 14018 14053 14081 14152 14171 14180 14266 14356 14388 14427 14448 14490 14494 14505 14518 14581 14589 14625 14631 14695 14716 14748 14782 14791 14793 14845 14871 14894 14935 14961 14980 15053 15094 15099 15139 15163 15180 15245 15248 15263 15304 15335 15340 15586 15676 15682 15683 15717 15721 15722 15759 15767 15781 15796 15806 15834 15865 15890 16016 16019 16028 16061 16073 16081 16154 16161 16217 16238 16255 16305 16359 16366 16412 16425 16507 16590 16622 16672 16698 16699 16741 16854 16928 16955 16979 17004 17101 17117 17755 17776 17797 17803 17805 17807 17817 17825 17826 17836 17838 17851 17882 17900 17923 17924 17928 17936 17946 17950 17964 17965 17988 17992 18010 18017 18030 18037 18050 18055 18068 18088 
	}
	weather={
	}
}
