
strategic_region={
	id=107
	name="STRATEGICREGION_107"
	provinces={
		10821 10841 10843 10917 10923 11056 11060 11068 11095 11233 11334 11351 11410 11589 11668 11762 11895 11916 11948 12024 12068 12092 12154 12262 12277 12300 12423 12603 12658 12808 12856 12988 13017 13049 13209 13240 13270 13404 13436 13575 13648 13759 13784 13827 13871 13884 13999 14033 14057 14074 14135 14141 14339 14414 14492 14537 14572 14578 14593 14602 14609 14618 14666 14733 14830 14883 14905 14931 14942 15037 15054 15091 15123 15150 15161 15165 15288 15326 15435 15543 15577 15667 15672 15674 15678 15680 15701 15756 15765 15775 15778 15784 15814 15855 15941 15988 16093 16103 16160 16204 16280 16284 16291 16299 16367 16463 16510 16591 16665 16670 16720 16730 16838 16894 16985 18202 18203 18210 18239 18256 18258 18264 18271 18277 18287 18303 18309 18318 18321 18322 18336 18360 18374 18381 18394 18404 18407 18416 18423 18435 18486 18505 18510 18513 18518 18520 18544 18547 18555 18568 18574 18583 18586 18588 18598 18605 
	}
	weather={
	}
}
