
strategic_region={
	id=108
	name="STRATEGICREGION_108"
	provinces={
		10850 10955 11031 11282 11442 11481 11612 11790 12083 12245 12355 12456 12538 12643 12644 12647 12668 12675 12739 12786 12844 12993 13097 13115 13147 13286 13377 13385 13402 13408 13443 13611 13612 13707 13732 13876 13896 13919 13926 14034 14079 14281 14443 14558 14723 14857 15021 15125 15138 15147 15182 15212 15259 15344 15480 15535 15555 15569 15580 15737 15800 15950 15991 16084 16121 16325 16329 16361 16390 16420 16504 16543 16594 16621 16646 16650 16844 16859 16932 16974 16976 16986 16993 17002 17024 18077 18089 18091 18101 18102 18118 18130 18131 18156 18170 18191 18198 18201 18207 18241 18248 18255 18267 18338 18343 18380 
	}
	weather={
	}
}
