
strategic_region={
	id=109
	name="STRATEGICREGION_109"
	provinces={
		10762 10800 10849 10897 10924 10934 10958 11009 11090 11193 11203 11243 11305 11370 11393 11404 11412 11414 11488 11512 11610 11636 11671 11673 11859 11864 11877 11892 11902 11940 11964 11978 12093 12098 12193 12213 12344 12362 12369 12407 12510 12524 12598 12659 12681 12695 12708 12760 12806 12811 12886 13026 13028 13056 13083 13131 13176 13195 13198 13207 13233 13275 13322 13324 13360 13388 13446 13486 13495 13501 13514 13532 13552 13564 13645 13654 13667 13685 13711 13819 13929 13970 13997 14037 14055 14072 14082 14202 14204 14236 14297 14318 14408 14478 14483 14502 14503 14531 14587 14601 14651 14671 14698 14944 15019 15027 15028 15085 15098 15106 15110 15146 15280 15343 15388 15408 15420 15498 15545 15558 15581 15618 15620 15621 15658 15665 15726 15764 15773 15817 15885 15910 15916 15921 15966 15970 15978 16012 16097 16122 16156 16170 16184 16263 16283 16307 16341 16407 16473 16558 16573 16582 16598 16599 16682 16811 16815 16905 16945 16969 16980 17112 17120 18314 18327 18400 18403 18414 18418 18431 18436 18457 18461 18465 18490 18491 18494 18499 18509 18537 18543 18564 18565 18566 18570 18578 18581 18589 18595 18629 18630 18633 18638 18641 18665 18668 18687 18689 18729 18736 18743 18754 18763 
	}
	weather={
	}
}
