
strategic_region={
	id=111
	name="STRATEGICREGION_111"
	provinces={
		10831 10942 10964 10968 11010 11084 11131 11132 11138 11166 11178 11439 11463 11599 11689 11703 11712 11797 11867 11931 11949 11985 12005 12012 12030 12060 12086 12103 12199 12206 12244 12296 12397 12514 12520 12620 12664 12676 12689 12740 12756 12766 12821 12836 12842 12862 12875 12943 12944 12998 13011 13018 13057 13150 13192 13277 13329 13349 13372 13391 13397 13450 13454 13476 13607 13638 13643 13644 13677 13678 13689 13704 13745 13768 13777 13792 13830 13831 13859 13901 13953 14013 14032 14046 14058 14126 14128 14148 14162 14235 14249 14273 14282 14299 14351 14352 14361 14374 14396 14397 14409 14416 14449 14460 14481 14504 14508 14621 14739 14743 14789 14794 14798 14860 14901 14907 14967 14977 14996 15075 15076 15158 15172 15207 15302 15316 15390 15399 15400 15464 15510 15534 15538 15562 15567 15601 15607 15637 15690 15704 15707 15777 15840 15898 15917 15961 15963 15977 16006 16026 16082 16124 16135 16146 16153 16163 16177 16261 16281 16321 16374 16431 16442 16487 16534 16540 16547 16556 16669 16710 16723 16731 16758 16806 16819 16907 16939 17034 17058 17096 18584 18587 18614 18621 18623 18634 18636 18645 18646 18653 18654 18656 18658 18661 18670 18671 18674 18675 18679 18686 18690 18693 18694 18695 18699 18702 18710 18711 18713 18714 18715 18717 18721 18723 18725 18726 18735 18740 18744 18750 18753 18756 18757 18761 18767 
	}
	weather={
	}
}
