
strategic_region={
	id=112
	name="STRATEGICREGION_112"
	provinces={
		10769 10808 10891 10914 10929 10971 11145 11159 11199 11241 11256 11273 11321 11457 11494 11503 11564 11582 11624 11647 11651 11735 11817 11865 11872 11884 11900 12043 12055 12057 12066 12136 12143 12178 12293 12298 12326 12343 12404 12416 12424 12470 12611 12733 12750 12835 12845 12859 12945 12966 12978 12994 13004 13010 13012 13130 13153 13214 13221 13237 13295 13311 13413 13440 13445 13447 13526 13528 13556 13565 13605 13639 13668 13671 13681 13718 13806 13840 13845 13883 13977 14002 14093 14133 14138 14145 14192 14194 14216 14262 14464 14491 14646 14667 14694 14708 14741 14764 14769 14792 14869 14915 14934 14988 15009 15030 15058 15066 15126 15141 15148 15206 15225 15227 15233 15242 15243 15379 15446 15556 15579 15641 15649 15652 15748 15790 15804 15847 15851 15878 15896 15945 15947 15960 16011 16057 16072 16159 16228 16358 16381 16389 16419 16430 16488 16492 16494 16495 16519 16538 16551 16673 16707 16789 16795 16804 16810 16821 16886 16930 16968 17016 17018 17054 18542 18546 18549 18569 18585 18600 18601 18606 18609 18612 18616 18619 18639 18640 18650 18651 18652 18660 18663 18666 18669 18672 18678 18681 18684 18685 18692 18696 18700 18706 18707 18709 18718 18724 18728 18731 18733 18738 18739 18745 18746 18755 18768 
	}
	weather={
	}
}
