
strategic_region={
	id=114
	name="STRATEGICREGION_114"
	provinces={
		10872 10960 11053 11162 11216 11220 11535 11565 12020 12223 12269 12395 12396 12522 12546 12608 12641 13239 13358 13386 13488 13574 13761 13879 13944 14014 14392 14573 14632 14693 14886 14919 14987 15120 15331 15413 15644 15710 15746 15774 15959 16226 16427 16434 16449 16498 16508 16773 16863 16887 16897 17109 18083 18084 18096 18099 18103 18104 18112 18117 18129 18137 18139 18143 18152 18158 18161 18178 18195 18216 18234 
	}
	weather={
	}
}
