
strategic_region={
	id=115
	name="STRATEGICREGION_115"
	provinces={
		10852 11106 11168 11187 11435 11506 11747 11753 12169 12179 12255 12279 12394 12732 12847 12986 12997 13029 13118 13287 13315 13406 13519 13600 13658 13816 13836 13867 13869 13902 13983 14111 14144 14170 14210 14263 14311 14364 14384 14435 14470 14519 14595 14703 14856 15001 15017 15042 15167 15268 15315 15334 15361 15425 15542 15584 15606 15616 15623 15742 15844 15884 15992 16182 16189 16348 16457 16497 16509 16549 16576 16588 16604 16625 16648 16652 16666 16688 16727 16740 16813 16872 16892 17017 17031 17052 17115 18272 18281 18289 18310 18319 18328 18333 18337 18353 18378 18383 18385 18405 18408 18430 18434 18443 18444 18448 18451 18455 18458 18471 18473 18480 18488 18515 18522 18523 18534 18541 18559 18571 
	}
	weather={
	}
}
