
strategic_region={
	id=117
	name="STRATEGICREGION_117"
	provinces={
		95 206 277 815 922 987 1168 1484 1666 1699 1949 1981 2034 2334 2551 2613 2650 2673 2677 2951 3179 3262 3344 3517 3695 3842 4030 4211 4341 5126 5127 5138 5210 5355 5537 5700 5800 5820 5823 9876 9961 9964 10038 10045 10052 10159 10160 10172 10188 10190 10217 10218 10221 10242 10254 10261 10274 10305 10314 10333 10338 10340 10347 10355 10369 10430 10468 10900 10913 10954 10990 11089 11184 11188 11226 11266 11317 11371 11416 11427 11441 11531 11694 11757 11759 11829 11973 12162 12184 12191 12238 12241 12304 12428 12432 12435 12474 12486 12515 12602 12629 12640 12669 12680 12795 12823 12854 12892 13054 13138 13141 13193 13196 13264 13302 13352 13374 13475 13477 13496 13511 13548 13573 13587 13603 13666 13798 13803 13832 13855 13865 13875 13990 14027 14028 14029 14038 14125 14211 14226 14253 14293 14348 14358 14394 14403 14424 14528 14560 14575 14584 14608 14624 14697 14713 14726 14732 14747 14796 14800 14829 14858 14878 14917 14918 14940 14964 15000 15035 15051 15081 15113 15121 15164 15186 15192 15213 15250 15311 15322 15401 15403 15406 15452 15465 15476 15494 15518 15539 15600 15639 15648 15656 15689 15716 15772 15795 15824 15854 15857 15876 15883 15908 15920 15934 15974 15989 16035 16052 16105 16117 16185 16216 16219 16227 16260 16286 16287 16320 16334 16362 16401 16418 16470 16483 16520 16600 16608 16637 16657 16675 16687 16743 16747 16768 16786 16798 16853 16951 16952 17041 17057 17097 18024 18047 18048 18053 18065 18066 18071 18073 18076 18080 18085 18090 18106 18110 18119 18136 18140 18146 18147 18159 18163 18164 18177 18179 18186 18187 18197 18200 18205 18206 18213 18214 18218 18219 18221 18224 18228 18231 18235 18238 18240 18244 18260 18261 18265 18269 18278 18282 18285 18292 18304 18311 18312 18317 18323 18325 18334 18347 18357 18363 18370 18372 18376 18384 18386 18420 18846 18851 
	}
	weather={
	}
}
