
strategic_region={
	id=118
	name="STRATEGICREGION_118"
	provinces={
		3922 9018 9046 9069 9108 10818 11289 11347 11476 11608 11655 11727 11776 11832 11854 12183 12233 12249 12368 12377 12385 12893 12970 13061 13210 13267 13334 13344 13380 13487 13577 13591 13595 13659 13706 13742 13824 13911 14024 14075 14078 14208 14213 14244 14295 14391 14410 14432 14469 14485 14500 14658 14725 14735 14757 14962 14982 15149 15204 15235 15327 15426 15477 15484 15513 15591 15604 15664 15757 15828 15879 15926 16027 16036 16046 16066 16220 16264 16294 16347 16350 16375 16417 16469 16477 16700 16981 17029 17077 17100 17820 17828 17829 17830 17834 17839 17849 17856 17857 17860 17863 17865 17869 17870 17871 17878 17885 17886 17898 17903 17904 17908 17912 17933 17938 17948 17952 17961 17976 17978 17980 17983 17996 18006 18007 18021 18023 18031 18040 18044 18056 18072 
	}
	weather={
	}
}
