
strategic_region={
	id=119
	name="STRATEGICREGION_119"
	provinces={
		94 850 1640 1917 4104 4852 10786 10809 10813 10822 10832 10834 10862 10878 10996 10997 11097 11144 11198 11223 11229 11232 11237 11257 11296 11300 11421 11428 11458 11487 11513 11569 11609 11634 11646 11649 11672 11674 11709 11749 11770 11781 11816 11823 11850 11852 11862 11863 11891 11904 11933 11952 11962 11971 12141 12195 12196 12201 12209 12229 12247 12284 12382 12443 12448 12480 12485 12539 12542 12544 12567 12569 12581 12614 12630 12638 12673 12684 12711 12718 12735 12771 12826 12828 12839 12873 12891 12902 12916 12977 12990 13020 13058 13079 13103 13116 13137 13206 13228 13288 13297 13308 13325 13339 13356 13382 13393 13395 13448 13463 13494 13561 13581 13583 13608 13617 13637 13676 13716 13767 13804 13807 13809 13817 13843 13852 13889 13893 13916 13931 13939 13946 13958 13982 14026 14091 14115 14120 14178 14179 14250 14252 14270 14312 14315 14385 14420 14451 14459 14513 14544 14551 14555 14557 14576 14591 14644 14654 14751 14756 14770 14797 14850 14852 14874 14875 14881 14896 14906 14916 14947 14955 14963 14983 14994 14999 15003 15077 15093 15097 15140 15159 15220 15252 15254 15274 15402 15427 15445 15468 15479 15492 15506 15540 15552 15608 15654 15671 15692 15695 15708 15803 15826 15829 15839 15843 15846 15915 15925 15954 16018 16079 16083 16125 16132 16137 16202 16203 16222 16276 16371 16377 16435 16513 16525 16557 16568 16593 16615 16620 16658 16667 16693 16706 16797 16842 16845 16864 16876 16889 16898 16902 16967 16971 16990 17078 17083 17116 18274 18315 18341 18342 18354 18362 18391 18392 18396 18402 18409 18415 18425 18426 18427 18432 18449 18450 18453 18460 18462 18464 18475 18479 18482 18484 18485 18492 18493 18500 18502 18503 18521 18530 18539 18545 18550 18551 18553 18558 18575 18576 18577 18590 18592 18593 18603 18608 18611 18622 18624 18628 18631 18635 18643 18644 18647 18648 18655 18659 18667 18680 18688 18716 18730 18732 18742 18748 18762 
	}
	weather={
	}
}
