
strategic_region={
	id=120
	name="STRATEGICREGION_120"
	provinces={
		78 97 440 1145 1187 1603 2207 2471 2655 2773 2808 3075 3210 3333 3387 3693 3995 4286 4328 4542 4705 5016 5080 5272 10211 10227 10228 10248 10257 10258 10266 10284 10290 10299 10309 10311 10316 10322 10323 10325 10363 10367 10382 10385 10388 10394 10402 10490 10506 10520 10528 10553 10737 10738 10739 10740 10802 10828 10952 10969 10976 10988 11040 11164 11255 11261 11312 11335 11398 11445 11451 11456 11479 11483 11529 11710 11774 11808 11820 11842 11883 12037 12054 12157 12217 12231 12267 12272 12301 12303 12328 12349 12363 12391 12438 12462 12497 12523 12574 12627 12688 12715 12758 12783 12799 12809 12817 12820 12841 12908 12992 13024 13027 13077 13087 13104 13246 13262 13268 13312 13330 13333 13407 13411 13460 13462 13503 13504 13517 13523 13547 13569 13572 13592 13627 13647 13818 13858 13933 14010 14030 14056 14059 14062 14118 14121 14136 14161 14177 14189 14220 14254 14287 14344 14357 14452 14456 14585 14620 14689 14740 14746 14778 14820 14822 14938 14952 14957 14991 15004 15006 15068 15072 15084 15112 15115 15179 15195 15237 15260 15287 15312 15410 15436 15453 15460 15478 15486 15571 15574 15619 15634 15753 15768 15786 15818 15838 15864 15909 15938 15996 16005 16020 16034 16110 16114 16140 16141 16197 16241 16254 16309 16380 16448 16453 16459 16468 16518 16533 16537 16578 16583 16624 16645 16654 16684 16686 16709 16742 16751 16776 16780 16824 16847 16903 16918 16960 16966 17036 17048 17050 17114 17968 17982 17984 17997 17999 18018 18019 18022 18049 18054 18074 18075 18081 18082 18086 18113 18114 18123 18125 18132 18138 18142 18144 18153 18155 18157 18162 18165 18167 18173 18175 18182 18183 18184 18185 18188 18208 18217 18222 18236 18245 18249 18251 18253 18257 18268 18276 18290 18293 18295 18297 18300 18301 18302 18324 18335 18345 18348 18355 18364 18368 18377 18379 18393 18445 18456 18843 18847 18852 18853 
	}
	weather={
	}
}
