
strategic_region={
	id=121
	name="STRATEGICREGION_121"
	provinces={
		23 27 117 295 321 433 646 824 1550 1789 1938 2277 2405 3038 3218 3365 3500 3800 3826 3914 4378 4387 4973 4998 5548 5991 6001 6003 6007 6065 6078 6102 6106 6130 6134 6164 6375 6392 6405 6442 6482 6510 6521 6533 10731 10732 10763 10860 10864 10895 10905 10915 10930 10936 10943 10973 10979 10986 10993 11016 11018 11024 11027 11037 11048 11092 11116 11130 11133 11163 11177 11219 11239 11248 11263 11275 11294 11325 11326 11339 11358 11360 11362 11366 11373 11386 11387 11430 11434 11455 11468 11521 11530 11549 11560 11574 11577 11590 11605 11691 11700 11718 11765 11785 11861 11888 11939 11944 11970 11979 11982 11988 11998 12032 12033 12048 12049 12067 12084 12090 12135 12144 12202 12222 12254 12260 12280 12312 12319 12330 12332 12354 12371 12373 12473 12481 12490 12532 12583 12587 12594 12596 12637 12661 12672 12690 12712 12713 12743 12747 12791 12792 12818 12830 12832 12851 12855 12861 12870 12885 12904 12923 12926 12952 12957 12968 12989 13008 13041 13050 13059 13070 13100 13119 13143 13146 13154 13174 13183 13224 13249 13255 13282 13283 13326 13332 13340 13343 13378 13383 13415 13433 13473 13500 13527 13534 13536 13544 13545 13555 13571 13585 13609 13626 13642 13697 13710 13714 13722 13762 13769 13770 13808 13835 13848 13853 13868 13870 13895 13897 13906 13921 13927 13945 13948 13957 13962 13976 14001 14040 14049 14063 14080 14083 14114 14122 14168 14184 14187 14218 14221 14223 14232 14242 14243 14260 14275 14289 14296 14298 14307 14327 14333 14346 14362 14369 14375 14380 14381 14402 14411 14417 14429 14437 14447 14453 14462 14467 14498 14530 14542 14554 14556 14559 14566 14577 14580 14598 14603 14650 14670 14682 14688 14691 14700 14702 14704 14731 14734 14768 14771 14787 14813 14815 14821 14835 14847 14859 14884 14889 14900 14910 14913 14937 14950 14956 14960 14970 14981 14985 14993 15020 15029 15057 15111 15118 15119 15127 15132 15134 15136 15142 15166 15176 15190 15203 15211 15216 15265 15271 15297 15332 15374 15416 15421 15429 15437 15439 15440 15450 15472 15504 15508 15517 15524 15531 15585 15603 15653 15655 15693 15694 15700 15703 15723 15730 15739 15744 15752 15780 15785 15787 15788 15793 15794 15809 15810 15825 15842 15861 15888 15940 15956 16003 16014 16023 16074 16076 16086 16089 16095 16099 16104 16134 16155 16166 16180 16191 16210 16212 16214 16250 16316 16332 16339 16354 16376 16393 16395 16398 16404 16408 16410 16413 16421 16429 16456 16460 16478 16485 16490 16491 16514 16522 16529 16552 16559 16565 16567 16592 16606 16610 16628 16659 16703 16719 16724 16746 16771 16781 16783 16802 16823 16830 16840 16862 16865 16871 16873 16880 16891 16914 16915 16922 16946 16963 16999 17026 17028 17035 17042 17053 17059 17068 17069 17081 17089 17090 17105 17128 17336 17357 17365 17369 17373 17376 17377 17384 17388 17393 17394 17401 17404 17413 17414 17420 17429 17430 17431 17433 17440 17448 17460 17461 17463 17465 17466 17469 17470 17479 17485 17486 17488 17490 17493 17496 17503 17510 17512 17518 17519 17525 17527 17534 17535 17537 17551 17556 17562 17564 17568 17571 17573 17577 17578 17580 17581 17582 17588 17591 17592 17593 17595 17598 17599 17602 17605 17606 17610 17611 17614 17615 17617 17623 17631 17634 17641 17647 17660 17685 17688 17693 17701 17702 17711 17715 17725 17735 17740 17742 17765 17777 17782 17784 17793 17795 17800 17811 17821 17822 17827 17831 17835 17841 17844 17848 17889 17890 17915 17927 17929 17942 18036 18782 18783 
	}
	weather={
	}
}
