
strategic_region={
	id=122
	name="STRATEGICREGION_122"
	provinces={
		136 187 413 964 4752 5493 10750 10756 10829 10893 10906 10926 10935 11055 11120 11123 11126 11152 11157 11204 11205 11260 11302 11330 11378 11523 11632 11656 11680 11681 11778 11789 11794 11805 11896 11906 12010 12014 12045 12204 12392 12487 12545 12549 12585 12597 12601 12618 12628 12632 12642 12655 12697 12734 12737 12798 12858 12907 12912 12939 12999 13036 13142 13172 13178 13254 13271 13299 13301 13368 13510 13586 13593 13616 13674 13684 13709 13735 13738 13782 13860 13922 13923 13925 13932 13951 13986 13998 14012 14016 14041 14087 14099 14100 14102 14110 14119 14140 14191 14196 14203 14230 14305 14319 14332 14354 14359 14393 14458 14533 14550 14586 14616 14643 14664 14707 14758 14765 14872 14904 14926 14953 14954 15063 15080 15090 15096 15124 15128 15183 15187 15191 15222 15226 15283 15308 15342 15375 15377 15392 15395 15441 15448 15495 15511 15532 15549 15612 15631 15632 15645 15684 15734 15802 15808 15848 15853 15871 15936 16069 16102 16116 16171 16181 16196 16211 16233 16236 16240 16268 16279 16304 16306 16324 16372 16387 16391 16415 16433 16444 16501 16515 16660 16680 16744 16757 16788 16800 16826 16833 16846 16848 16893 16896 16904 16908 16913 16940 16959 16972 17003 17020 17040 17043 17061 17073 17111 17127 17133 17151 17152 17153 17154 17155 17156 17169 17173 17180 17184 17187 17188 17193 17195 17202 17205 17206 17212 17213 17214 17224 17231 17233 17234 17235 17240 17242 17245 17246 17249 17252 17264 17266 17278 17280 17281 17283 17292 17294 17296 17316 17318 17322 17324 17327 17328 17358 18769 18770 
	}
	weather={
	}
}
