
strategic_region={
	id=123
	name="STRATEGICREGION_123"
	provinces={
		844 849 851 1205 1591 1682 2264 3082 5349 5919 5920 5922 5925 10884 11059 11061 11105 11119 11147 11181 11388 11426 11444 11475 11528 11532 11576 11598 11633 11662 11717 11737 11761 11800 11840 11879 11887 11980 11995 12036 12091 12149 12153 12161 12218 12352 12359 12457 12494 12519 12551 12570 12648 12656 12761 12774 12793 12843 12876 12879 12948 13038 13113 13126 13223 13229 13236 13272 13317 13379 13442 13661 13663 13669 13705 13771 13773 13791 13799 13821 13844 13904 13935 13969 13985 13987 14054 14098 14112 14113 14153 14283 14341 14379 14440 14486 14497 14562 14597 14611 14679 14745 14799 14861 14867 14990 15008 15069 15145 15255 15279 15314 15324 15404 15411 15622 15646 15714 15852 15905 15935 15939 15971 15987 16013 16060 16070 16088 16187 16190 16383 16386 16422 16428 16511 16528 16536 16616 16630 16651 16696 16763 16923 16942 16965 16982 17051 17064 17079 17123 17147 17148 17149 17150 17164 17166 17168 17176 17179 17182 17186 17196 17201 17204 17208 17210 17211 17217 17222 17227 17237 17241 17244 17257 17270 17272 17291 17297 17301 17311 17319 17323 17330 17331 17335 17347 17350 17356 17371 17409 17418 
	}
	weather={
	}
}
