
strategic_region={
	id=124
	name="STRATEGICREGION_124"
	provinces={
		10753 10761 10816 10861 10865 10957 10992 11082 11098 11167 11436 11492 11536 11591 11601 11701 11722 11736 11803 12016 12087 12214 12364 12479 12498 12503 12776 12834 12860 12961 13136 13184 13263 13862 13872 13874 13903 13975 14182 14377 14439 14482 14549 14613 14672 14752 14772 14795 14811 14895 15253 15605 15770 15866 16192 16344 16644 16809 16916 16920 16924 16933 17027 17143 17144 17145 17146 17167 17172 17175 17185 17190 17199 17220 17221 17223 17226 17250 17253 17274 
	}
	weather={
	}
}
