
strategic_region={
	id=22
	name="STRATEGICREGION_22"
	provinces={
		13 19 65 103 144 161 338 347 367 417 438 521 572 583 687 711 798 937 1079 1161 1244 1491 1492 1571 1609 1659 1727 1811 1831 2275 2297 2359 2675 2698 2706 2890 2929 3010 3113 3136 3295 3460 3496 3543 3641 3754 3886 4061 4124 4265 4308 4324 4369 4430 4567 4669 4724 4885 5005 5179 5332 5365 5400 5449 5452 5725 5889 6088 6184 6219 6230 6236 6243 6245 6248 6250 6261 6264 6267 6270 6280 6287 6290 6308 6313 6314 6343 6350 6353 6365 6378 6380 6384 6390 6411 6415 6420 6433 6445 6452 6457 6473 6505 6511 6518 6534 6549 6565 6573 6597 6614 6637 6653 6669 6675 6685 6721 6750 18792 
	}
	weather={
	}
}
