
strategic_region={
	id=25
	name="STRATEGICREGION_25"
	provinces={
		131 167 169 178 300 342 388 526 553 563 625 626 654 675 676 755 787 817 897 981 1017 1130 1171 1178 1182 1452 1474 1514 1518 1543 1569 1728 1729 1784 1804 1851 1978 1995 2057 2071 2072 2130 2157 2306 2350 2361 2422 2572 2585 2828 2866 3013 3485 3603 3648 3793 3820 3864 4419 4500 4619 4715 4770 5196 5330 5356 5456 5482 5510 5538 5547 5615 5673 5784 5804 5857 5910 6043 6118 6127 6147 6174 6180 6181 6188 6200 6206 6210 6224 6227 6228 6235 6240 6269 6275 6285 6295 6303 6310 6312 6322 6325 6328 6333 6337 6376 6396 6402 6409 6439 6497 18793 18796 
	}
	weather={
	}
}
