
strategic_region={
	id=28
	name="STRATEGICREGION_28"
	provinces={
		558 739 781 782 801 808 829 1231 1249 1302 1339 1423 1468 1475 1508 1934 1947 1967 2096 2159 2212 2260 2443 2444 2492 2541 2578 2732 2843 2856 2952 2960 3080 3117 3284 3307 3320 3377 3572 3626 3639 3715 3814 3958 3965 4094 4099 4177 4344 4502 4510 4552 4572 4580 4634 4924 4969 5101 5132 5161 5188 5280 5359 5670 5743 5751 5806 6377 6408 6443 6447 6460 6477 6492 6496 6514 6522 6527 6548 6562 6571 6572 6575 6586 6591 6596 6602 6613 6631 6632 6642 6648 6660 6668 6684 6690 6699 6701 6715 6716 6739 6749 6757 6758 6762 6785 6795 6800 6801 6828 6842 6853 6876 6903 6906 6961 18806 
	}
	weather={
	}
}
