
strategic_region={
	id=64
	name="STRATEGICREGION_64"
	provinces={
		150 162 302 386 635 746 842 932 1044 1162 1210 1325 1411 1582 1615 1701 1958 1997 2028 2031 2045 2092 2108 2129 2304 2348 2442 2591 2594 2657 2895 2935 2983 2989 3050 3109 3257 3311 3415 3433 3483 3504 3589 3678 3747 3906 4051 4057 4091 4143 4345 4356 4367 4498 4562 4698 4722 5194 5204 5572 5758 5778 5811 5847 5860 9036 9064 9072 9073 9122 9157 9161 9179 9187 9207 9221 9240 9244 9250 9265 9275 9279 9280 9281 9282 9289 9290 9291 9297 9302 9308 9323 9324 9326 9334 9336 9337 9350 9355 9360 9366 9367 9368 9373 9374 9377 9388 9389 9394 9400 9403 9415 9422 9423 9429 9442 9443 9444 9445 9451 9456 9468 9472 9481 9488 9498 9499 9500 9543 9566 9571 9579 9601 9602 9637 9638 9656 9670 9671 9683 9692 9700 9717 9726 9779 9795 
	}
	weather={
	}
}
