
strategic_region={
	id=70
	name="STRATEGICREGION_70"
	provinces={
		24 93 142 304 450 658 765 1072 1388 1479 1551 1598 1657 1676 1688 1717 1777 1897 1931 2146 2231 2295 2370 2417 2418 2426 2529 2831 2998 3035 3047 3137 3185 3212 3231 3386 3396 3489 3968 4019 4067 4068 4115 4414 4574 4640 4667 4916 4927 5152 5320 5339 5467 5525 5584 5608 5652 5785 5863 5890 5915 8158 8201 8267 8268 8394 8416 8455 8456 8465 8478 8500 8511 8521 8522 8541 8557 8562 8569 8591 8592 8625 8636 8640 8641 8655 8675 8693 8694 8719 8742 8743 8755 8778 8787 8830 8831 8836 8857 8873 8888 8915 8917 8925 8937 8944 8957 8965 8971 8972 8977 8982 8995 8996 9007 9010 9019 9028 9029 9038 9047 9052 9053 9065 9074 9075 9080 9084 9087 9088 9098 9109 9112 9124 9135 9136 9138 9151 9162 9163 9167 9176 9180 9188 9193 9208 9222 9231 9251 18825 
	}
	weather={
	}
}
