
strategic_region={
	id=73
	name="STRATEGICREGION_73"
	provinces={
		8 44 60 71 121 122 145 148 159 228 267 307 376 412 423 427 492 500 548 647 717 757 832 907 918 924 930 973 993 1040 1098 1189 1192 1274 1308 1312 1326 1357 1365 1414 1419 1444 1481 1562 1636 1679 1751 1758 1832 1844 1852 1875 2026 2073 2094 2117 2133 2144 2175 2178 2327 2364 2380 2403 2435 2504 2539 2548 2584 2608 2666 2733 2743 2806 2813 2814 2845 3073 3226 3453 3534 3557 3581 3649 3650 3717 3745 3972 4180 4244 4252 4297 4299 4313 4460 4464 4520 4533 4585 4661 4745 4777 4798 4803 4818 4870 4893 5044 5104 5139 5147 5182 5186 5260 5389 5433 5591 5685 5974 5977 5978 5984 5987 5993 5995 6006 6038 6041 6045 6049 6052 6053 6059 6067 6068 6069 6073 6074 6082 6094 6104 6105 6109 6113 6115 6117 6123 6126 6129 6133 6139 6141 6146 6155 6156 6160 6161 6162 6163 6168 6176 6179 6185 6199 6205 6207 6216 6218 6222 6239 6260 6292 18778 18779 18785 18787 18788 
	}
	weather={
	}
}
