
strategic_region={
	id=74
	name="STRATEGICREGION_74"
	provinces={
		50 55 58 123 125 218 258 271 283 383 436 444 447 518 530 582 588 592 621 644 698 736 769 846 864 921 938 945 970 996 1100 1128 1139 1180 1233 1234 1305 1318 1524 1624 1725 1850 1856 1867 1871 1882 1888 1898 2064 2142 2200 2206 2223 2234 2237 2270 2347 2467 2690 2787 2788 2819 2837 2847 2946 3172 3389 3499 3516 3578 3755 3902 3908 3962 3976 4066 4133 4135 4349 4385 4476 4493 4620 4879 4950 5386 5535 5589 5640 5650 5671 5760 5803 5923 5927 5931 5932 5934 5935 5937 5940 5943 5946 5948 5956 5957 5960 5962 5968 5969 5972 5975 5979 5982 5985 5988 5990 6009 6012 6019 18773 18774 10749 
	}
	weather={
	}
}
