
strategic_region={
	id=82
	name="STRATEGICREGION_82"
	provinces={
		3948 5380 8180 8217 8245 8382 8383 8442 8443 8496 8497 10735 10875 10903 10987 11285 11547 11551 11561 11675 11693 11855 11937 12001 12035 12288 12329 12353 12626 12671 12678 12983 13042 13241 13582 13584 13698 13812 13954 13965 13966 14009 14048 14317 14323 14641 14685 14749 14809 14810 14844 14908 14943 15014 15244 15266 15289 15296 15329 15350 15365 15367 15396 15458 15502 15868 15952 16000 16047 16108 16127 16128 16301 16317 16392 16437 16560 16571 16586 16689 16739 16906 16988 16995 17015 17062 17080 17119 17604 17613 17625 17633 17635 17644 17659 17675 17681 17687 17692 17707 17713 17720 17726 17730 17731 17745 17750 17751 17764 17770 17771 17780 17783 17787 17792 17794 17798 17809 17813 17814 17823 17832 17833 17852 
	}
	weather={
	}
}
