
strategic_region={
	id=93
	name="STRATEGICREGION_93"
	provinces={
		10728 10729 10754 10874 10919 10927 10951 10977 11012 11047 11074 11077 11314 11405 11409 11522 11615 11685 11725 11782 11866 11921 11932 12015 12078 12175 12235 12239 12285 12358 12370 12380 12464 12465 12571 12636 12745 12746 12979 12985 13243 13265 13278 13285 13290 13300 13427 13838 14101 14146 14166 14186 14195 14265 14280 14330 14376 14545 14582 14592 14675 14879 14932 14936 15174 15193 15228 15303 15349 15473 15560 15598 15761 15832 15867 15875 15891 15911 15949 16080 16109 16247 16464 16738 16764 16882 16926 16954 17007 17010 17046 17065 17141 17142 17165 17174 17181 17194 17200 17219 17229 17248 17251 17256 17258 17277 17284 17309 17314 17326 17343 17360 17380 17403 17411 
	}
	weather={
	}
}
