
strategic_region={
	id=94
	name="STRATEGICREGION_94"
	provinces={
		1694 5924 10949 11011 11013 11065 11253 11406 11490 11596 11954 11996 12029 12088 12274 12345 12506 12612 12849 13120 13139 13313 13420 13562 13662 13672 13688 13715 13720 13725 13864 13877 14011 14090 14107 14205 14347 14565 14579 14588 14600 14759 14808 14817 14825 14842 14880 14978 15160 15181 15261 15299 15318 15389 15398 15409 15490 15505 15546 15588 15595 15783 16148 16151 16167 16194 16292 16447 16614 16737 16762 16793 16825 17030 17140 17170 17171 17189 17191 17192 17198 17218 17230 17236 17243 17247 17261 17262 17269 17273 17276 17287 17288 17293 17306 17337 17339 17353 17359 
	}
	weather={
	}
}
