
strategic_region={
	id=95
	name="STRATEGICREGION_95"
	provinces={
		11108 11376 11401 11607 11620 11732 11997 12173 12331 12450 12591 12691 12803 12976 13080 13185 13189 13194 13400 13414 13635 13721 13724 13964 14047 14137 14143 14322 14428 14552 14614 14696 14755 14803 14831 14868 14930 14966 14968 15052 15101 15422 15509 15573 15697 15827 15859 15880 15906 15933 16165 16396 16542 16554 16564 16607 16643 16661 16765 16827 16857 17047 17332 17361 17368 17370 17383 17386 17390 17397 17400 17419 17425 17462 17467 17494 17507 17511 17517 
	}
	weather={
	}
}
