
strategic_region={
	id=97
	name="STRATEGICREGION_97"
	provinces={
		10780 10819 10863 11042 11044 11129 11320 11392 11467 11670 11721 11731 11821 11893 11912 12104 12439 12444 12488 12692 12754 12768 12802 12909 12962 13096 13182 13211 13227 13235 13438 13470 13570 13756 13991 14004 14019 14020 14036 14147 14157 14304 14320 14406 14465 14539 14705 14715 14774 14827 14836 14958 15185 15200 15320 15323 15347 15351 15428 15467 15528 15536 15615 15698 15711 15766 15782 15913 16015 16049 16138 16144 16207 16208 16426 16440 16635 16640 16668 16695 16860 16866 16931 16934 16941 17594 17620 17626 17655 17656 17665 17671 17690 17705 17728 17736 17752 17753 17769 17772 17773 17781 17786 17790 17842 17845 17858 
	}
	weather={
	}
}
