
strategic_region={
	id=99
	name="STRATEGICREGION_99"
	provinces={
		10759 10794 10823 10825 11071 11665 11920 11943 12085 12147 12360 12496 12505 12508 12527 12537 12593 12674 12696 12724 12780 12866 12938 12941 13031 13075 13177 13187 13220 13250 13319 13398 13429 13453 13554 13604 13619 13733 13766 13778 13881 14185 14219 14233 14338 14444 14450 14511 14527 14541 14784 14854 14893 14922 14959 15272 15341 15384 15405 15444 15455 15482 15489 15507 15578 15633 15731 15751 15816 15821 15831 16037 16130 16152 16232 16272 16405 16502 16548 16636 16877 16879 16919 17038 17124 17125 17129 17867 17874 17875 17876 17877 17887 17891 17893 17897 17899 17902 17913 17914 17921 17932 17945 17956 17958 17969 17977 17990 17993 18000 18002 18003 18014 18020 18032 18051 
	}
	weather={
	}
}
